517 391
736 958
662 97
289 273
536 693
421 5
280 600
584 937
754 352
540 897
957 861
831 285
924 23
429 601
432 269
277 384
887 590
538 178
763 38
122 941
147 114
1000 580
558 503
558 560
752 307
265 114
28 951
790 795
995 457
942 868
870 845
632 434
582 856
73 21
900 777
518 14
278 925
687 753
213 798
138 691
465 246
940 684
178 249
154 58
526 931
7 202
998 180
995 284
121 291
596 821
817 897
354 394
702 530
373 944
322 994
835 905
563 232
507 172
495 100
618 654
509 321
632 989
514 137
366 115
647 851
347 540
645 742
753 80
885 997
953 204
928 355
731 952
702 516
881 589
200 388
798 607
999 664
408 828
670 295
67 794
591 662
941 540
892 366
354 55
692 315
673 927
381 48
535 16
707 717
492 294
823 390
487 165
478 719
443 879
818 188
992 768
340 182
69 555
127 216
135 552
80 731
866 966
784 842
171 461
635 911
958 237
829 590
221 979
789 649
471 350
997 176
376 603
604 686
615 811
194 201
74 267
37 380
802 763
193 360
494 946
45 645
783 309
341 412
653 165
499 311
173 624
765 908
907 862
291 993
915 945
858 607
488 890
183 187
931 304
83 867
844 838
8 411
589 961
123 743
180 662
472 668
290 258
253 420
132 794
337 860
119 796
540 926
110 143
925 925
797 500
375 270
775 826
810 452
290 950
70 591
432 325
112 537
342 398
132 211
415 176
34 222
150 557
122 926
720 484
34 983
146 39
514 105
563 653