205 136
77 161
550 533
31 537
121 502
33 732
478 840
517 208
963 151
723 781
227 195
254 359
398 675
308 524
57 262
665 405
488 983
307 792
430 768
392 655
734 742
174 867
148 28
254 287
327 490
428 719
590 178
810 510
723 246
811 26
489 125
586 194
755 53
896 791
525 898
709 373
940 919
490 477
457 796
366 900
237 847
53 18
289 289
86 270
915 197
923 742
558 24
954 540
815 247
352 921
673 410
454 569
515 79
687 538
919 243
848 421
914 533
762 342
180 18
586 838
700 757
254 589
855 35
226 730
525 961
751 706
38 708
890 120
239 578
447 455
729 443
96 846
762 533
885 245
338 689
943 969
753 759
869 486
860 417
965 886
496 407
501 349
1 909
205 662
533 936
814 126
147 59
712 59
465 799
766 974
816 478
922 565
257 19
822 661
825 597
795 448
166 610
796 423
3 737
874 359
895 979
199 297
743 670
507 242
803 737
138 810
600 136
75 332
267 920
522 953
153 805
889 997
841 421
326 641
500 765
60 170
386 850
843 117
719 265
807 549
83 526
713 936
721 895
957 294
253 837
797 185
744 885
135 29
927 223
822 435
396 937
18 861
188 908
997 926
736 55
787 640
392 207
208 931
354 712
546 526
397 230
937 384
406 750
861 42
374 420
405 996
749 597
833 576
910 415
957 755
939 130
892 251
832 250
982 205
386 270
576 975
815 370
233 122
930 591
40 596
568 309
817 640
992 439
737 872
248 458
508 462
352 15
287 979
234 887
924 137
757 507
750 526
410 527
383 140
883 562
125 230
14 285
601 910
601 669
627 527
24 514
239 582
636 345
458 551
673 813
208 897
513 939
659 700
879 280
421 528
961 260
735 874
483 737