520 234
304 475
654 411
324 229
693 981
727 180
329 910
712 754
272 971
411 400
271 125
300 658
435 894
504 52
311 852
790 290
850 148
543 365
368 389
303 561
841 737
670 432
993 416
827 223
576 704
986 641
37 440
611 514
133 919
755 688
805 941
151 130
976 158
885 149
916 133
479 167
928 28
854 928
694 195
505 900
678 551
24 685
223 630
414 61
583 671
117 475
20 574
460 645
297 320
625 809
776 668
187 619
727 451
675 926
368 978
797 725
485 133
173 395
255 979
170 873
341 130
845 400
391 69
165 528
159 45
443 579
213 206
391 858
970 171
131 563
684 430
625 809
379 585
202 627
585 545
989 937
103 32
795 430
499 159
11 533
99 99
747 104
572 854
219 779
988 741
98 252
699 776
738 442
79 950
189 705
390 678
568 711
544 281
33 821
474 603
86 194
73 503
844 496
936 552
143 104
714 748
474 559
450 6
967 788
287 569
617 819
866 414
853 963
805 407
961 678
550 555
942 31
889 926
143 79
825 986
514 936
458 246
956 183
204 561
699 85
250 662
592 59
823 602
238 221
134 877
552 352
256 400
669 191
539 522
448 604
520 980
661 574
682 231
350 497
917 97
26 701
334 15
345 722
457 202
642 482
124 287
771 326
73 261
237 639
216 623
440 129
164 687
148 482