10
100 210 5429
335 349 345 455 29 403 318 270 245 259 230 273 400 26 16 209 285 472 37 430 452 490 205 11 359 247 114 181 271 3 479 265 34 10 361 36 175 105 41 101 370 385 400 94 175 299 199 459 138 392 93 174 351 122 332 107 320 272 37 435 221 419 225 174 152 394 2 479 28 90 230 341 324 102 342 403 203 255 232 109 150 365 274 181 139 244 143 150 315 10 482 329 427 474 224 255 253 320 173 2
100 3 34999
289 301 372 8 317 267 377 309 296 268 395 267 363 32 393 461 404 382 264 499 325 435 492 427 2 318 481 315 287 317 282 421 434 369 299 256 463 64 276 359 479 429 470 16 490 254 305 477 316 479 406 391 468 442 262 290 475 309 300 466 374 317 264 293 270 334 332 398 321 481 424 321 427 487 265 128 422 441 391 478 296 324 444 494 288 410 304 455 4 370 425 406 451 488 484 345 292 340 302 496
100 264 11211
354 320 496 167 158 341 453 131 178 355 228 230 437 12 356 232 375 398 145 383 48 352 460 121 69 302 71 117 263 94 261 464 141 87 147 288 424 99 258 86 126 28 244 159 171 9 21 191 470 23 309 462 198 194 38 129 481 359 356 216 7 163 255 45 307 132 80 150 3 315 282 384 78 406 195 449 340 453 144 485 112 21 352 418 16 430 197 415 338 88 59 6 288 256 19 221 378 109 415 2
100 429 14899
29 231 428 120 202 124 213 453 103 415 144 420 457 436 118 389 143 355 219 334 374 490 6 232 38 71 25 1 233 437 319 252 70 223 143 1 176 183 294 238 320 288 149 436 347 14 31 500 485 277 315 63 299 204 386 59 481 360 350 403 248 29 135 96 191 363 205 321 338 237 380 303 27 237 455 356 366 401 230 100 109 371 163 132 261 421 461 428 422 53 226 331 302 350 221 88 476 471 264 423
100 152 17591
150 21 413 487 376 404 361 238 318 46 21 159 499 500 160 247 385 396 45 51 247 17 466 138 437 351 390 329 169 17 152 118 247 67 353 75 164 487 117 410 345 140 403 247 63 321 4 363 139 274 108 394 278 497 369 19 489 290 284 34 338 304 487 324 235 284 461 288 200 366 128 236 122 164 199 30 446 326 403 291 431 109 420 224 163 166 135 257 90 96 125 359 163 55 23 155 311 151 339 301
100 250 25587
170 127 221 358 226 199 366 392 71 14 261 232 476 332 264 54 12 276 489 45 383 249 484 41 154 136 160 280 126 25 395 165 279 86 81 112 201 479 472 31 415 356 79 307 486 262 241 331 221 392 466 38 104 400 357 458 427 302 409 178 158 412 244 331 302 215 22 293 431 99 112 224 313 88 435 88 63 426 329 432 143 500 403 88 441 133 261 471 171 98 139 458 304 376 144 20 382 387 347 151
100 333 26352
334 127 276 81 232 122 273 111 85 405 395 392 125 24 461 470 361 11 246 52 417 95 410 204 165 80 242 129 130 81 483 445 305 245 243 296 453 330 85 381 478 270 440 473 388 87 427 378 42 388 122 291 438 267 346 162 90 328 301 147 416 69 154 259 22 249 474 333 444 97 182 478 76 103 458 280 441 226 35 358 288 444 126 437 343 471 329 87 369 354 409 219 52 389 190 261 142 136 39 115
100 19 150
133 315 394 35 196 474 206 102 309 329 360 83 92 303 437 90 465 267 69 439 281 340 288 32 466 90 353 464 466 276 59 156 260 496 58 119 481 165 449 75 481 233 146 128 149 73 119 359 327 228 267 177 378 491 381 220 123 215 20 355 360 443 103 247 52 24 400 152 58 417 315 470 415 460 447 455 62 376 119 494 240 462 150 300 490 176 195 408 102 243 77 125 308 415 287 390 398 251 431 389
100 388 23576
416 369 178 102 462 27 297 136 57 297 414 258 1 179 137 397 56 54 211 157 481 286 357 270 34 226 418 77 393 438 470 266 218 390 151 433 290 367 338 477 14 470 444 243 358 87 229 44 148 411 387 114 87 479 189 189 274 315 133 269 279 353 125 279 159 415 32 378 244 149 238 467 129 76 49 89 105 343 217 64 252 321 94 498 362 432 304 144 248 493 219 417 490 221 221 244 474 173 364 425
100 419 24953
444 480 121 113 407 19 179 136 420 500 102 205 164 392 234 172 373 196 263 61 416 412 388 265 312 500 164 128 390 239 476 429 294 221 471 308 481 148 310 416 235 30 334 27 394 70 52 82 259 199 302 87 135 453 90 181 168 394 58 418 372 213 21 198 36 156 110 245 225 216 8 462 155 264 33 370 449 327 469 177 16 481 301 317 425 494 45 19 292 273 162 398 342 118 500 410 47 198 256 332